Caution: file trans.stk shoild not have trailing spaces!
   1.000  0.1111E-04
   1.005  0.1250E-04
   1.010  0.1407E-04
   1.014  0.1582E-04
   1.019  0.1778E-04
   1.024  0.1997E-04
   1.028  0.2242E-04
   1.033  0.2516E-04
   1.038  0.2821E-04
   1.043  0.3161E-04
   1.048  0.3541E-04
   1.052  0.3964E-04
   1.057  0.4435E-04
   1.062  0.4959E-04
   1.067  0.5542E-04
   1.071  0.6189E-04
   1.076  0.6909E-04
   1.081  0.7708E-04
   1.085  0.8595E-04
   1.090  0.9578E-04
   1.095  0.1067E-03
   1.100  0.1187E-03
   1.105  0.1321E-03
   1.109  0.1469E-03
   1.114  0.1632E-03
   1.119  0.1813E-03
   1.123  0.2012E-03
   1.128  0.2232E-03
   1.133  0.2475E-03
   1.138  0.2743E-03
   1.143  0.3038E-03
   1.147  0.3362E-03
   1.152  0.3720E-03
   1.157  0.4113E-03
   1.161  0.4545E-03
   1.166  0.5019E-03
   1.171  0.5540E-03
   1.176  0.6111E-03
   1.180  0.6738E-03
   1.185  0.7424E-03
   1.190  0.8176E-03
   1.195  0.8999E-03
   1.200  0.9899E-03
   1.204  0.1088E-02
   1.209  0.1196E-02
   1.214  0.1313E-02
   1.218  0.1441E-02
   1.223  0.1581E-02
   1.228  0.1733E-02
   1.233  0.1899E-02
   1.238  0.2080E-02
   1.242  0.2276E-02
   1.247  0.2490E-02
   1.252  0.2722E-02
   1.256  0.2974E-02
   1.261  0.3248E-02
   1.266  0.3545E-02
   1.271  0.3866E-02
   1.276  0.4215E-02
   1.280  0.4592E-02
   1.285  0.5001E-02
   1.290  0.5442E-02
   1.294  0.5920E-02
   1.299  0.6435E-02
   1.304  0.6991E-02
   1.309  0.7592E-02
   1.313  0.8239E-02
   1.318  0.8936E-02
   1.323  0.9687E-02
   1.328  0.1049E-01
   1.333  0.1136E-01
   1.337  0.1230E-01
   1.342  0.1330E-01
   1.347  0.1438E-01
   1.351  0.1553E-01
   1.356  0.1677E-01
   1.361  0.1810E-01
   1.366  0.1952E-01
   1.371  0.2104E-01
   1.375  0.2267E-01
   1.380  0.2441E-01
   1.385  0.2626E-01
   1.389  0.2825E-01
   1.394  0.3036E-01
   1.399  0.3262E-01
   1.404  0.3502E-01
   1.409  0.3758E-01
   1.413  0.4030E-01
   1.418  0.4320E-01
   1.423  0.4628E-01
   1.427  0.4955E-01
   1.432  0.5302E-01
   1.437  0.5670E-01
   1.442  0.6060E-01
   1.446  0.6474E-01
   1.451  0.6912E-01
   1.456  0.7375E-01
   1.461  0.7865E-01
   1.466  0.8383E-01
   1.470  0.8929E-01
   1.475  0.9507E-01
   1.480  0.1012E+00
   1.484  0.1076E+00
   1.489  0.1143E+00
   1.494  0.1214E+00
   1.499  0.1289E+00
   1.503  0.1368E+00
   1.508  0.1451E+00
   1.513  0.1537E+00
   1.518  0.1628E+00
   1.522  0.1724E+00
   1.527  0.1824E+00
   1.532  0.1929E+00
   1.537  0.2038E+00
   1.542  0.2153E+00
   1.546  0.2273E+00
   1.551  0.2398E+00
   1.556  0.2529E+00
   1.560  0.2665E+00
   1.565  0.2807E+00
   1.570  0.2955E+00
   1.575  0.3109E+00
   1.579  0.3269E+00
   1.584  0.3435E+00
   1.589  0.3608E+00
   1.594  0.3788E+00
   1.599  0.3974E+00
   1.603  0.4167E+00
   1.608  0.4366E+00
   1.613  0.4573E+00
   1.617  0.4787E+00
   1.622  0.5008E+00
   1.627  0.5236E+00
   1.632  0.5472E+00
   1.636  0.5715E+00
   1.641  0.5965E+00
   1.646  0.6223E+00
   1.651  0.6488E+00
   1.655  0.6761E+00
   1.660  0.7042E+00
   1.665  0.7329E+00
   1.670  0.7625E+00
   1.675  0.7927E+00
   1.679  0.8238E+00
   1.684  0.8555E+00
   1.689  0.8880E+00
   1.694  0.9211E+00
   1.698  0.9550E+00
   1.703  0.9896E+00
   1.708  0.1025E+01
   1.712  0.1061E+01
   1.717  0.1097E+01
   1.722  0.1134E+01
   1.727  0.1172E+01
   1.732  0.1210E+01
   1.736  0.1249E+01
   1.741  0.1289E+01
   1.746  0.1329E+01
   1.750  0.1369E+01
   1.755  0.1410E+01
   1.760  0.1451E+01
   1.765  0.1492E+01
   1.769  0.1534E+01
   1.774  0.1576E+01
   1.779  0.1619E+01
   1.784  0.1661E+01
   1.788  0.1704E+01
   1.793  0.1747E+01
   1.798  0.1790E+01
   1.803  0.1833E+01
   1.808  0.1876E+01
   1.812  0.1918E+01
   1.817  0.1961E+01
   1.822  0.2004E+01
   1.827  0.2046E+01
   1.831  0.2088E+01
   1.836  0.2130E+01
   1.841  0.2171E+01
   1.845  0.2212E+01
   1.850  0.2252E+01
   1.855  0.2292E+01
   1.860  0.2331E+01
   1.865  0.2369E+01
   1.869  0.2407E+01
   1.874  0.2444E+01
   1.879  0.2480E+01
   1.883  0.2516E+01
   1.888  0.2550E+01
   1.893  0.2583E+01
   1.898  0.2615E+01
   1.902  0.2647E+01
   1.907  0.2677E+01
   1.912  0.2706E+01
   1.917  0.2733E+01
   1.921  0.2760E+01
   1.926  0.2785E+01
   1.931  0.2808E+01
   1.936  0.2831E+01
   1.941  0.2852E+01
   1.945  0.2871E+01
   1.950  0.2889E+01
   1.955  0.2905E+01
   1.960  0.2920E+01
   1.964  0.2933E+01
   1.969  0.2945E+01
   1.974  0.2955E+01
   1.978  0.2963E+01
   1.983  0.2970E+01
   1.988  0.2975E+01
   1.993  0.2979E+01
   1.998  0.2980E+01
   2.002  0.2980E+01
   2.007  0.2979E+01
   2.012  0.2975E+01
   2.016  0.2970E+01
   2.021  0.2964E+01
   2.026  0.2956E+01
   2.031  0.2946E+01
   2.035  0.2934E+01
   2.040  0.2921E+01
   2.045  0.2906E+01
   2.050  0.2890E+01
   2.054  0.2872E+01
   2.059  0.2853E+01
   2.064  0.2832E+01
   2.069  0.2810E+01
   2.074  0.2786E+01
   2.078  0.2761E+01
   2.083  0.2735E+01
   2.088  0.2707E+01
   2.093  0.2678E+01
   2.097  0.2648E+01
   2.102  0.2617E+01
   2.107  0.2585E+01
   2.111  0.2552E+01
   2.116  0.2517E+01
   2.121  0.2482E+01
   2.126  0.2446E+01
   2.131  0.2409E+01
   2.135  0.2371E+01
   2.140  0.2333E+01
   2.145  0.2294E+01
   2.149  0.2254E+01
   2.154  0.2214E+01
   2.159  0.2173E+01
   2.164  0.2132E+01
   2.168  0.2090E+01
   2.173  0.2048E+01
   2.178  0.2006E+01
   2.183  0.1963E+01
   2.188  0.1921E+01
   2.192  0.1878E+01
   2.197  0.1835E+01
   2.202  0.1792E+01
   2.207  0.1749E+01
   2.211  0.1706E+01
   2.216  0.1664E+01
   2.221  0.1621E+01
   2.226  0.1579E+01
   2.230  0.1536E+01
   2.235  0.1495E+01
   2.240  0.1453E+01
   2.244  0.1412E+01
   2.249  0.1371E+01
   2.254  0.1331E+01
   2.259  0.1291E+01
   2.264  0.1251E+01
   2.268  0.1212E+01
   2.273  0.1174E+01
   2.278  0.1136E+01
   2.282  0.1099E+01
   2.287  0.1063E+01
   2.292  0.1027E+01
   2.297  0.9914E+00
   2.301  0.9568E+00
   2.306  0.9229E+00
   2.311  0.8897E+00
   2.316  0.8572E+00
   2.321  0.8254E+00
   2.325  0.7944E+00
   2.330  0.7640E+00
   2.335  0.7345E+00
   2.340  0.7057E+00
   2.344  0.6776E+00
   2.349  0.6503E+00
   2.354  0.6237E+00
   2.359  0.5979E+00
   2.363  0.5728E+00
   2.368  0.5484E+00
   2.373  0.5248E+00
   2.377  0.5020E+00
   2.382  0.4798E+00
   2.387  0.4584E+00
   2.392  0.4377E+00
   2.397  0.4177E+00
   2.401  0.3984E+00
   2.406  0.3797E+00
   2.411  0.3617E+00
   2.415  0.3444E+00
   2.420  0.3278E+00
   2.425  0.3117E+00
   2.430  0.2963E+00
   2.434  0.2815E+00
   2.439  0.2672E+00
   2.444  0.2536E+00
   2.449  0.2405E+00
   2.454  0.2279E+00
   2.458  0.2159E+00
   2.463  0.2044E+00
   2.468  0.1934E+00
   2.473  0.1829E+00
   2.477  0.1729E+00
   2.482  0.1633E+00
   2.487  0.1542E+00
   2.492  0.1455E+00
   2.496  0.1372E+00
   2.501  0.1293E+00
   2.506  0.1218E+00
   2.510  0.1147E+00
   2.515  0.1079E+00
   2.520  0.1015E+00
   2.525  0.9538E-01
   2.529  0.8959E-01
   2.534  0.8411E-01
   2.539  0.7891E-01
   2.544  0.7400E-01
   2.548  0.6935E-01
   2.553  0.6496E-01
   2.558  0.6081E-01
   2.563  0.5690E-01
   2.567  0.5321E-01
   2.572  0.4972E-01
   2.577  0.4644E-01
   2.582  0.4336E-01
   2.587  0.4045E-01
   2.591  0.3772E-01
   2.596  0.3515E-01
   2.601  0.3274E-01
   2.606  0.3048E-01
   2.610  0.2836E-01
   2.615  0.2637E-01
   2.620  0.2450E-01
   2.625  0.2276E-01
   2.629  0.2112E-01
   2.634  0.1960E-01
   2.639  0.1817E-01
   2.643  0.1684E-01
   2.648  0.1560E-01
   2.653  0.1444E-01
   2.658  0.1336E-01
   2.662  0.1235E-01
   2.667  0.1141E-01
   2.672  0.1054E-01
   2.677  0.9728E-02
   2.681  0.8974E-02
   2.686  0.8274E-02
   2.691  0.7625E-02
   2.696  0.7022E-02
   2.700  0.6463E-02
   2.705  0.5946E-02
   2.710  0.5466E-02
   2.715  0.5023E-02
   2.720  0.4613E-02
   2.724  0.4234E-02
   2.729  0.3884E-02
   2.734  0.3561E-02
   2.739  0.3263E-02
   2.743  0.2988E-02
   2.748  0.2735E-02
   2.753  0.2502E-02
   2.758  0.2287E-02
   2.762  0.2090E-02
   2.767  0.1908E-02
   2.772  0.1742E-02
   2.776  0.1589E-02
   2.781  0.1448E-02
   2.786  0.1320E-02
   2.791  0.1202E-02
   2.795  0.1094E-02
   2.800  0.9949E-03
   2.805  0.9044E-03
   2.810  0.8218E-03
   2.814  0.7462E-03
   2.819  0.6772E-03
   2.824  0.6143E-03
   2.829  0.5569E-03
   2.833  0.5045E-03
   2.838  0.4568E-03
   2.843  0.4134E-03
   2.848  0.3740E-03
   2.853  0.3380E-03
   2.857  0.3054E-03
   2.862  0.2758E-03
   2.867  0.2489E-03
   2.872  0.2245E-03
   2.876  0.2023E-03
   2.881  0.1823E-03
   2.886  0.1641E-03
   2.890  0.1477E-03
   2.895  0.1329E-03
   2.900  0.1194E-03
   2.905  0.1073E-03
   2.909  0.9633E-04
   2.914  0.8644E-04
   2.919  0.7753E-04
   2.924  0.6949E-04
   2.928  0.6225E-04
   2.933  0.5574E-04
   2.938  0.4988E-04
   2.943  0.4461E-04
   2.947  0.3987E-04
   2.952  0.3562E-04
   2.957  0.3180E-04
   2.962  0.2838E-04
   2.966  0.2531E-04
   2.971  0.2256E-04
   2.976  0.2009E-04
   2.981  0.1789E-04
   2.986  0.1592E-04
   2.990  0.1416E-04
   2.995  0.1258E-04
   3.000  0.1118E-04
   3.005  0.9923E-05
   3.009  0.8805E-05
   3.014  0.7808E-05
   3.019  0.6921E-05
   3.023  0.6130E-05
   3.028  0.5427E-05
   3.033  0.4802E-05
   3.038  0.4246E-05
   3.042  0.3753E-05
   3.047  0.3315E-05
   3.052  0.2927E-05
   3.057  0.2582E-05
   3.062  0.2277E-05
   3.066  0.2007E-05
   3.071  0.1768E-05
   3.076  0.1556E-05
   3.080  0.1369E-05
   3.085  0.1204E-05
   3.090  0.1058E-05
   3.095  0.9293E-06
   3.099  0.8158E-06
   3.104  0.7157E-06
   3.109  0.6276E-06
   3.114  0.5500E-06
   3.119  0.4817E-06
   3.123  0.4217E-06
   3.128  0.3689E-06
   3.133  0.3226E-06
   3.137  0.2819E-06
   3.142  0.2462E-06
   3.147  0.2149E-06
   3.152  0.1875E-06
   3.156  0.1635E-06
   3.161  0.1425E-06
   3.166  0.1241E-06
   3.171  0.1080E-06
   3.175  0.9396E-07
   3.180  0.8170E-07
   3.185  0.7099E-07
   3.190  0.6166E-07
   3.195  0.5352E-07
   3.199  0.4643E-07
   3.204  0.4025E-07
   3.209  0.3488E-07
   3.213  0.3021E-07
   3.218  0.2615E-07
   3.223  0.2262E-07
   3.228  0.1956E-07
   3.232  0.1690E-07
   3.237  0.1459E-07
   3.242  0.1260E-07
   3.247  0.1087E-07
   3.252  0.9367E-08
   3.256  0.8072E-08
   3.261  0.6951E-08
   3.266  0.5983E-08
   3.270  0.5146E-08
   3.275  0.4424E-08
   3.280  0.3801E-08
   3.285  0.3265E-08
   3.289  0.2802E-08
   3.294  0.2403E-08
   3.299  0.2060E-08
   3.304  0.1765E-08
   3.308  0.1512E-08
   3.313  0.1294E-08
   3.318  0.1107E-08
   3.323  0.9461E-09
   3.328  0.8083E-09
   3.332  0.6902E-09
   3.337  0.5891E-09
   3.342  0.5024E-09
   3.346  0.4283E-09
   3.351  0.3649E-09
   3.356  0.3107E-09
   3.361  0.2644E-09
   3.365  0.2249E-09
   3.370  0.1912E-09
   3.375  0.1624E-09
   3.380  0.1379E-09
   3.385  0.1171E-09
   3.389  0.9928E-10
   3.394  0.8416E-10
   3.399  0.7130E-10
   3.403  0.6037E-10
   3.408  0.5109E-10
   3.413  0.4321E-10
   3.418  0.3652E-10
   3.422  0.3086E-10
   3.427  0.2605E-10
   3.432  0.2198E-10
   3.437  0.1854E-10
   3.442  0.1563E-10
   3.446  0.1317E-10
   3.451  0.1109E-10
   3.456  0.9328E-11
   3.461  0.7845E-11
   3.465  0.6594E-11
   3.470  0.5539E-11
   3.475  0.4651E-11
   3.479  0.3903E-11
   3.484  0.3273E-11
   3.489  0.2743E-11
   3.494  0.2298E-11
   3.498  0.1924E-11
   3.503  0.1610E-11
   3.508  0.1346E-11
   3.513  0.1125E-11
   3.518  0.9399E-12
   3.522  0.7847E-12
   3.527  0.6548E-12
   3.532  0.5460E-12
   3.536  0.4551E-12
   3.541  0.3791E-12
   3.546  0.3156E-12
   3.551  0.2626E-12
   3.555  0.2184E-12
   3.560  0.1815E-12
   3.565  0.1507E-12
   3.570  0.1251E-12
   3.575  0.1038E-12
   3.579  0.8610E-13
   3.584  0.7136E-13
   3.589  0.5911E-13
   3.594  0.4893E-13
   3.598  0.4048E-13
   3.603  0.3347E-13
   3.608  0.2766E-13
   3.612  0.2285E-13
   3.617  0.1886E-13
   3.622  0.1556E-13
   3.627  0.1283E-13
   3.631  0.1058E-13
   3.636  0.8710E-14
   3.641  0.7170E-14
   3.646  0.5899E-14
   3.651  0.4850E-14
   3.655  0.3986E-14
   3.660  0.3274E-14
   3.665  0.2687E-14
   3.669  0.2205E-14
   3.674  0.1808E-14
   3.679  0.1481E-14
   3.684  0.1213E-14
   3.688  0.9930E-15
   3.693  0.8124E-15
   3.698  0.6642E-15
   3.703  0.5428E-15
   3.708  0.4433E-15
   3.712  0.3618E-15
   3.717  0.2952E-15
   3.722  0.2407E-15
   3.727  0.1961E-15
   3.731  0.1597E-15
   3.736  0.1300E-15
   3.741  0.1057E-15
   3.745  0.8597E-16
   3.750  0.6986E-16
   3.755  0.5673E-16
   3.760  0.4605E-16
   3.764  0.3735E-16
   3.769  0.3028E-16
   3.774  0.2454E-16
   3.779  0.1987E-16
   3.784  0.1608E-16
   3.788  0.1301E-16
   3.793  0.1052E-16
   3.798  0.8498E-17
   3.802  0.6863E-17
   3.807  0.5539E-17
   3.812  0.4468E-17
   3.817  0.3602E-17
   3.821  0.2902E-17
   3.826  0.2337E-17
   3.831  0.1881E-17
   3.836  0.1513E-17
   3.841  0.1216E-17
   3.845  0.9771E-18
   3.850  0.7846E-18
   3.855  0.6297E-18
   3.859  0.5051E-18
   3.864  0.4049E-18
   3.869  0.3244E-18
   3.874  0.2597E-18
   3.878  0.2079E-18
   3.883  0.1663E-18
   3.888  0.1329E-18
   3.893  0.1062E-18
   3.897  0.8480E-19
   3.902  0.6768E-19
   3.907  0.5399E-19
   3.912  0.4305E-19
   3.917  0.3432E-19
   3.921  0.2735E-19
   3.926  0.2179E-19
   3.931  0.1737E-19
   3.935  0.1385E-19
   3.940  0.1107E-19
   3.945  0.8863E-20
   3.950  0.7132E-20
   3.954  0.5782E-20
   3.959  0.4743E-20
   3.964  0.3961E-20
   3.969  0.3396E-20
   3.974  0.3018E-20
   3.978  0.2807E-20
   3.983  0.2753E-20
   3.988  0.2853E-20
   3.992  0.3114E-20
   3.997  0.3550E-20
   4.002  0.4185E-20
   4.007  0.5055E-20
   4.011  0.6207E-20
   4.016  0.7704E-20
   4.021  0.9626E-20
   4.026  0.1208E-19
   4.030  0.1519E-19
   4.035  0.1913E-19
   4.040  0.2410E-19
   4.045  0.3037E-19
   4.050  0.3827E-19
   4.054  0.4820E-19
   4.059  0.6070E-19
   4.064  0.7640E-19
   4.069  0.9611E-19
   4.073  0.1208E-18
   4.078  0.1519E-18
   4.083  0.1907E-18
   4.088  0.2394E-18
   4.092  0.3004E-18
   4.097  0.3767E-18
   4.102  0.4720E-18
   4.107  0.5912E-18
   4.111  0.7401E-18
   4.116  0.9259E-18
   4.121  0.1158E-17
   4.125  0.1447E-17
   4.130  0.1807E-17
   4.135  0.2256E-17
   4.140  0.2814E-17
   4.144  0.3509E-17
   4.149  0.4372E-17
   4.154  0.5445E-17
   4.159  0.6778E-17
   4.163  0.8432E-17
   4.168  0.1048E-16
   4.173  0.1303E-16
   4.178  0.1618E-16
   4.183  0.2008E-16
   4.187  0.2491E-16
   4.192  0.3089E-16
   4.197  0.3828E-16
   4.201  0.4740E-16
   4.206  0.5867E-16
   4.211  0.7258E-16
   4.216  0.8973E-16
   4.220  0.1109E-15
   4.225  0.1369E-15
   4.230  0.1690E-15
   4.235  0.2085E-15
   4.239  0.2570E-15
   4.244  0.3167E-15
   4.249  0.3900E-15
   4.254  0.4800E-15
   4.258  0.5905E-15
   4.263  0.7259E-15
   4.268  0.8919E-15
   4.273  0.1095E-14
   4.277  0.1344E-14
   4.282  0.1649E-14
   4.287  0.2021E-14
   4.292  0.2477E-14
   4.296  0.3033E-14
   4.301  0.3712E-14
   4.306  0.4540E-14
   4.311  0.5550E-14
   4.316  0.6781E-14
   4.320  0.8281E-14
   4.325  0.1011E-13
   4.330  0.1233E-13
   4.335  0.1503E-13
   4.339  0.1831E-13
   4.344  0.2229E-13
   4.349  0.2713E-13
   4.354  0.3300E-13
   4.358  0.4011E-13
   4.363  0.4873E-13
   4.368  0.5917E-13
   4.373  0.7181E-13
   4.377  0.8709E-13
   4.382  0.1056E-12
   4.387  0.1279E-12
   4.391  0.1549E-12
   4.396  0.1874E-12
   4.401  0.2267E-12
   4.406  0.2740E-12
   4.410  0.3310E-12
   4.415  0.3996E-12
   4.420  0.4822E-12
   4.425  0.5816E-12
   4.429  0.7010E-12
   4.434  0.8445E-12
   4.439  0.1017E-11
   4.444  0.1224E-11
   4.449  0.1472E-11
   4.453  0.1769E-11
   4.458  0.2125E-11
   4.463  0.2551E-11
   4.467  0.3061E-11
   4.472  0.3671E-11
   4.477  0.4400E-11
   4.482  0.5271E-11
   4.486  0.6310E-11
   4.491  0.7550E-11
   4.496  0.9029E-11
   4.501  0.1079E-10
   4.505  0.1289E-10
   4.510  0.1539E-10
   4.515  0.1836E-10
   4.520  0.2190E-10
   4.524  0.2610E-10
   4.529  0.3109E-10
   4.534  0.3701E-10
   4.539  0.4404E-10
   4.543  0.5237E-10
   4.548  0.6224E-10
   4.553  0.7393E-10
   4.558  0.8776E-10
   4.562  0.1041E-09
   4.567  0.1235E-09
   4.572  0.1463E-09
   4.577  0.1733E-09
   4.582  0.2052E-09
   4.586  0.2428E-09
   4.591  0.2871E-09
   4.596  0.3392E-09
   4.601  0.4007E-09
   4.605  0.4730E-09
   4.610  0.5580E-09
   4.615  0.6580E-09
   4.620  0.7754E-09
   4.624  0.9133E-09
   4.629  0.1075E-08
   4.634  0.1265E-08
   4.639  0.1487E-08
   4.643  0.1748E-08
   4.648  0.2053E-08
   4.653  0.2409E-08
   4.657  0.2827E-08
   4.662  0.3314E-08
   4.667  0.3884E-08
   4.672  0.4549E-08
   4.676  0.5324E-08
   4.681  0.6229E-08
   4.686  0.7283E-08
   4.691  0.8510E-08
   4.696  0.9939E-08
   4.700  0.1160E-07
   4.705  0.1353E-07
   4.710  0.1578E-07
   4.714  0.1839E-07
   4.719  0.2141E-07
   4.724  0.2492E-07
   4.729  0.2899E-07
   4.733  0.3371E-07
   4.738  0.3916E-07
   4.743  0.4548E-07
   4.748  0.5279E-07
   4.752  0.6124E-07
   4.757  0.7099E-07
   4.762  0.8226E-07
   4.767  0.9526E-07
   4.771  0.1103E-06
   4.776  0.1275E-06
   4.781  0.1474E-06
   4.786  0.1704E-06
   4.790  0.1967E-06
   4.795  0.2270E-06
   4.800  0.2619E-06
   4.805  0.3019E-06
   4.809  0.3479E-06
   4.814  0.4006E-06
   4.819  0.4610E-06
   4.824  0.5303E-06
   4.829  0.6096E-06
   4.833  0.7004E-06
   4.838  0.8042E-06
   4.843  0.9230E-06
   4.848  0.1059E-05
   4.852  0.1214E-05
   4.857  0.1390E-05
   4.862  0.1592E-05
   4.867  0.1822E-05
   4.871  0.2084E-05
   4.876  0.2382E-05
   4.881  0.2721E-05
   4.886  0.3107E-05
   4.890  0.3546E-05
   4.895  0.4045E-05
   4.900  0.4610E-05
   4.905  0.5252E-05
   4.909  0.5980E-05
   4.914  0.6805E-05
   4.919  0.7740E-05
   4.923  0.8798E-05
   4.928  0.9995E-05
   4.933  0.1135E-04
   4.938  0.1288E-04
   4.942  0.1460E-04
   4.947  0.1655E-04
   4.952  0.1875E-04
   4.957  0.2123E-04
   4.962  0.2403E-04
   4.966  0.2717E-04
   4.971  0.3071E-04
   4.976  0.3469E-04
   4.980  0.3917E-04
   4.985  0.4420E-04
   4.990  0.4985E-04
   4.995  0.5618E-04
   4.999  0.6329E-04
   5.004  0.7125E-04
   5.009  0.8017E-04
   5.014  0.9016E-04
   5.018  0.1013E-03
   5.023  0.1138E-03
   5.028  0.1278E-03
   5.033  0.1434E-03
   5.037  0.1608E-03
   5.042  0.1802E-03
   5.047  0.2019E-03
   5.052  0.2260E-03
   5.056  0.2528E-03
   5.061  0.2827E-03
   5.066  0.3160E-03
   5.071  0.3530E-03
   5.075  0.3940E-03
   5.080  0.4396E-03
   5.085  0.4902E-03
   5.090  0.5463E-03
   5.095  0.6085E-03
   5.099  0.6774E-03
   5.104  0.7537E-03
   5.109  0.8381E-03
   5.114  0.9314E-03
   5.118  0.1034E-02
   5.123  0.1148E-02
   5.128  0.1274E-02
   5.133  0.1413E-02
   5.137  0.1565E-02
   5.142  0.1734E-02
   5.147  0.1919E-02
   5.151  0.2123E-02
   5.156  0.2348E-02
   5.161  0.2595E-02
   5.166  0.2866E-02
   5.170  0.3163E-02
   5.175  0.3490E-02
   5.180  0.3847E-02
   5.185  0.4240E-02
   5.189  0.4669E-02
   5.194  0.5140E-02
   5.199  0.5654E-02
   5.204  0.6217E-02
   5.208  0.6831E-02
   5.213  0.7502E-02
   5.218  0.8235E-02
   5.223  0.9034E-02
   5.228  0.9904E-02
   5.232  0.1085E-01
   5.237  0.1189E-01
   5.242  0.1301E-01
   5.247  0.1423E-01
   5.251  0.1556E-01
   5.256  0.1700E-01
   5.261  0.1857E-01
   5.266  0.2026E-01
   5.270  0.2210E-01
   5.275  0.2410E-01
   5.280  0.2626E-01
   5.284  0.2859E-01
   5.289  0.3112E-01
   5.294  0.3385E-01
   5.299  0.3680E-01
   5.303  0.3999E-01
   5.308  0.4342E-01
   5.313  0.4713E-01
   5.318  0.5112E-01
   5.322  0.5541E-01
   5.327  0.6004E-01
   5.332  0.6502E-01
   5.337  0.7036E-01
   5.341  0.7611E-01
   5.346  0.8227E-01
   5.351  0.8889E-01
   5.356  0.9599E-01
   5.361  0.1036E+00
   5.365  0.1117E+00
   5.370  0.1204E+00
   5.375  0.1298E+00
   5.380  0.1397E+00
   5.384  0.1504E+00
   5.389  0.1617E+00
   5.394  0.1738E+00
   5.399  0.1868E+00
   5.403  0.2005E+00
   5.408  0.2152E+00
   5.413  0.2308E+00
   5.417  0.2474E+00
   5.422  0.2651E+00
   5.427  0.2838E+00
   5.432  0.3037E+00
   5.436  0.3248E+00
   5.441  0.3472E+00
   5.446  0.3709E+00
   5.451  0.3960E+00
   5.455  0.4226E+00
   5.460  0.4507E+00
   5.465  0.4804E+00
   5.470  0.5118E+00
   5.474  0.5449E+00
   5.479  0.5798E+00
   5.484  0.6166E+00
   5.489  0.6554E+00
   5.494  0.6962E+00
   5.498  0.7392E+00
   5.503  0.7843E+00
   5.508  0.8318E+00
   5.513  0.8816E+00
   5.517  0.9339E+00
   5.522  0.9887E+00
   5.527  0.1046E+01
   5.532  0.1106E+01
   5.536  0.1169E+01
   5.541  0.1235E+01
   5.546  0.1304E+01
   5.550  0.1376E+01
   5.555  0.1451E+01
   5.560  0.1529E+01
   5.565  0.1611E+01
   5.569  0.1696E+01
   5.574  0.1784E+01
   5.579  0.1876E+01
   5.584  0.1972E+01
   5.588  0.2071E+01
   5.593  0.2174E+01
   5.598  0.2281E+01
   5.603  0.2392E+01
   5.607  0.2507E+01
   5.612  0.2626E+01
   5.617  0.2748E+01
   5.622  0.2876E+01
   5.627  0.3007E+01
   5.631  0.3142E+01
   5.636  0.3282E+01
   5.641  0.3426E+01
   5.646  0.3574E+01
   5.650  0.3727E+01
   5.655  0.3884E+01
   5.660  0.4045E+01
   5.665  0.4211E+01
   5.669  0.4381E+01
   5.674  0.4555E+01
   5.679  0.4733E+01
   5.683  0.4916E+01
   5.688  0.5103E+01
   5.693  0.5294E+01
   5.698  0.5489E+01
   5.702  0.5688E+01
   5.707  0.5891E+01
   5.712  0.6097E+01
   5.717  0.6308E+01
   5.721  0.6522E+01
   5.726  0.6739E+01
   5.731  0.6960E+01
   5.736  0.7184E+01
   5.740  0.7411E+01
   5.745  0.7640E+01
   5.750  0.7873E+01
   5.755  0.8108E+01
   5.760  0.8345E+01
   5.764  0.8584E+01
   5.769  0.8826E+01
   5.774  0.9068E+01
   5.779  0.9313E+01
   5.783  0.9558E+01
   5.788  0.9805E+01
   5.793  0.1005E+02
   5.798  0.1030E+02
   5.802  0.1055E+02
   5.807  0.1079E+02
   5.812  0.1104E+02
   5.816  0.1129E+02
   5.821  0.1153E+02
   5.826  0.1178E+02
   5.831  0.1202E+02
   5.835  0.1226E+02
   5.840  0.1250E+02
   5.845  0.1273E+02
   5.850  0.1297E+02
   5.854  0.1320E+02
   5.859  0.1342E+02
   5.864  0.1365E+02
   5.869  0.1386E+02
   5.873  0.1408E+02
   5.878  0.1429E+02
   5.883  0.1449E+02
   5.888  0.1469E+02
   5.893  0.1488E+02
   5.897  0.1507E+02
   5.902  0.1525E+02
   5.907  0.1542E+02
   5.912  0.1559E+02
   5.916  0.1575E+02
   5.921  0.1591E+02
   5.926  0.1605E+02
   5.930  0.1619E+02
   5.935  0.1632E+02
   5.940  0.1644E+02
   5.945  0.1655E+02
   5.949  0.1666E+02
   5.954  0.1675E+02
   5.959  0.1684E+02
   5.964  0.1692E+02
   5.968  0.1698E+02
   5.973  0.1704E+02
   5.978  0.1709E+02
   5.983  0.1713E+02
   5.987  0.1716E+02
   5.992  0.1718E+02
   5.997  0.1719E+02
   6.002  0.1720E+02
   6.006  0.1719E+02
   6.011  0.1717E+02
   6.016  0.1714E+02
   6.021  0.1710E+02
   6.026  0.1706E+02
   6.030  0.1700E+02
   6.035  0.1693E+02
   6.040  0.1686E+02
   6.045  0.1678E+02
   6.049  0.1668E+02
   6.054  0.1658E+02
   6.059  0.1647E+02
   6.063  0.1635E+02
   6.068  0.1622E+02
   6.073  0.1609E+02
   6.078  0.1594E+02
   6.082  0.1579E+02
   6.087  0.1564E+02
   6.092  0.1547E+02
   6.097  0.1530E+02
   6.101  0.1512E+02
   6.106  0.1493E+02
   6.111  0.1474E+02
   6.116  0.1454E+02
   6.120  0.1434E+02
   6.125  0.1413E+02
   6.130  0.1392E+02
   6.135  0.1370E+02
   6.139  0.1348E+02
   6.144  0.1326E+02
   6.149  0.1303E+02
   6.154  0.1280E+02
   6.159  0.1256E+02
   6.163  0.1233E+02
   6.168  0.1209E+02
   6.173  0.1184E+02
   6.178  0.1160E+02
   6.182  0.1135E+02
   6.187  0.1111E+02
   6.192  0.1086E+02
   6.196  0.1061E+02
   6.201  0.1037E+02
   6.206  0.1012E+02
   6.211  0.9873E+01
   6.215  0.9627E+01
   6.220  0.9382E+01
   6.225  0.9137E+01
   6.230  0.8894E+01
   6.234  0.8653E+01
   6.239  0.8414E+01
   6.244  0.8177E+01
   6.249  0.7942E+01
   6.253  0.7709E+01
   6.258  0.7480E+01
   6.263  0.7253E+01
   6.268  0.7029E+01
   6.272  0.6808E+01
   6.277  0.6591E+01
   6.282  0.6377E+01
   6.287  0.6167E+01
   6.292  0.5961E+01
   6.296  0.5758E+01
   6.301  0.5560E+01
   6.306  0.5366E+01
   6.311  0.5175E+01
   6.315  0.4989E+01
   6.320  0.4808E+01
   6.325  0.4630E+01
   6.329  0.4457E+01
   6.334  0.4289E+01
   6.339  0.4125E+01
   6.344  0.3965E+01
   6.348  0.3811E+01
   6.353  0.3660E+01
   6.358  0.3514E+01
   6.363  0.3373E+01
   6.367  0.3237E+01
   6.372  0.3104E+01
   6.377  0.2977E+01
   6.382  0.2854E+01
   6.386  0.2735E+01
   6.391  0.2621E+01
   6.396  0.2512E+01
   6.401  0.2406E+01
   6.405  0.2306E+01
   6.410  0.2209E+01
   6.415  0.2117E+01
   6.420  0.2029E+01
   6.425  0.1945E+01
   6.429  0.1865E+01
   6.434  0.1789E+01
   6.439  0.1718E+01
   6.444  0.1650E+01
   6.448  0.1587E+01
   6.453  0.1527E+01
   6.458  0.1471E+01
   6.462  0.1419E+01
   6.467  0.1370E+01
   6.472  0.1325E+01
   6.477  0.1284E+01
   6.481  0.1247E+01
   6.486  0.1212E+01
   6.491  0.1182E+01
   6.496  0.1155E+01
   6.500  0.1131E+01
   6.505  0.1111E+01
   6.510  0.1093E+01
   6.515  0.1080E+01
   6.519  0.1069E+01
   6.524  0.1062E+01
   6.529  0.1057E+01
   6.534  0.1056E+01
   6.538  0.1058E+01
   6.543  0.1064E+01
   6.548  0.1072E+01
   6.553  0.1083E+01
   6.558  0.1097E+01
   6.562  0.1114E+01
   6.567  0.1134E+01
   6.572  0.1157E+01
   6.577  0.1183E+01
   6.581  0.1212E+01
   6.586  0.1244E+01
   6.591  0.1279E+01
   6.595  0.1316E+01
   6.600  0.1357E+01
   6.605  0.1400E+01
   6.610  0.1446E+01
   6.614  0.1495E+01
   6.619  0.1547E+01
   6.624  0.1601E+01
   6.629  0.1658E+01
   6.633  0.1718E+01
   6.638  0.1781E+01
   6.643  0.1846E+01
   6.648  0.1914E+01
   6.652  0.1984E+01
   6.657  0.2058E+01
   6.662  0.2133E+01
   6.667  0.2212E+01
   6.671  0.2293E+01
   6.676  0.2376E+01
   6.681  0.2462E+01
   6.686  0.2550E+01
   6.691  0.2641E+01
   6.695  0.2734E+01
   6.700  0.2829E+01
   6.705  0.2926E+01
   6.710  0.3026E+01
   6.714  0.3128E+01
   6.719  0.3231E+01
   6.724  0.3337E+01
   6.728  0.3444E+01
   6.733  0.3553E+01
   6.738  0.3664E+01
   6.743  0.3777E+01
   6.747  0.3891E+01
   6.752  0.4006E+01
   6.757  0.4123E+01
   6.762  0.4241E+01
   6.766  0.4360E+01
   6.771  0.4480E+01
   6.776  0.4601E+01
   6.781  0.4723E+01
   6.785  0.4845E+01
   6.790  0.4968E+01
   6.795  0.5091E+01
   6.800  0.5214E+01
   6.804  0.5337E+01
   6.809  0.5461E+01
   6.814  0.5584E+01
   6.819  0.5706E+01
   6.824  0.5828E+01
   6.828  0.5950E+01
   6.833  0.6070E+01
   6.838  0.6190E+01
   6.843  0.6308E+01
   6.847  0.6425E+01
   6.852  0.6541E+01
   6.857  0.6654E+01
   6.861  0.6766E+01
   6.866  0.6877E+01
   6.871  0.6984E+01
   6.876  0.7090E+01
   6.880  0.7193E+01
   6.885  0.7294E+01
   6.890  0.7392E+01
   6.895  0.7487E+01
   6.899  0.7579E+01
   6.904  0.7668E+01
   6.909  0.7753E+01
   6.914  0.7835E+01
   6.918  0.7913E+01
   6.923  0.7988E+01
   6.928  0.8059E+01
   6.933  0.8126E+01
   6.938  0.8188E+01
   6.942  0.8247E+01
   6.947  0.8301E+01
   6.952  0.8352E+01
   6.957  0.8397E+01
   6.961  0.8438E+01
   6.966  0.8475E+01
   6.971  0.8507E+01
   6.976  0.8534E+01
   6.980  0.8556E+01
   6.985  0.8574E+01
   6.990  0.8587E+01
   6.994  0.8595E+01
   6.999  0.8598E+01
   7.004  0.8596E+01
   7.009  0.8590E+01
   7.013  0.8578E+01
   7.018  0.8562E+01
   7.023  0.8541E+01
   7.028  0.8516E+01
   7.032  0.8485E+01
   7.037  0.8450E+01
   7.042  0.8410E+01
   7.047  0.8366E+01
   7.051  0.8318E+01
   7.056  0.8264E+01
   7.061  0.8207E+01
   7.066  0.8146E+01
   7.071  0.8080E+01
   7.075  0.8010E+01
   7.080  0.7937E+01
   7.085  0.7860E+01
   7.090  0.7779E+01
   7.094  0.7694E+01
   7.099  0.7607E+01
   7.104  0.7515E+01
   7.109  0.7421E+01
   7.113  0.7324E+01
   7.118  0.7224E+01
   7.123  0.7122E+01
   7.127  0.7017E+01
   7.132  0.6909E+01
   7.137  0.6800E+01
   7.142  0.6688E+01
   7.146  0.6575E+01
   7.151  0.6460E+01
   7.156  0.6343E+01
   7.161  0.6225E+01
   7.165  0.6105E+01
   7.170  0.5985E+01
   7.175  0.5863E+01
   7.180  0.5741E+01
   7.184  0.5618E+01
   7.189  0.5495E+01
   7.194  0.5371E+01
   7.199  0.5247E+01
   7.204  0.5124E+01
   7.208  0.5000E+01
   7.213  0.4876E+01
   7.218  0.4753E+01
   7.223  0.4631E+01
   7.227  0.4509E+01
   7.232  0.4387E+01
   7.237  0.4267E+01
   7.242  0.4147E+01
   7.246  0.4029E+01
   7.251  0.3912E+01
   7.256  0.3796E+01
   7.260  0.3681E+01
   7.265  0.3568E+01
   7.270  0.3457E+01
   7.275  0.3347E+01
   7.279  0.3238E+01
   7.284  0.3132E+01
   7.289  0.3027E+01
   7.294  0.2924E+01
   7.298  0.2823E+01
   7.303  0.2724E+01
   7.308  0.2627E+01
   7.313  0.2532E+01
   7.317  0.2439E+01
   7.322  0.2348E+01
   7.327  0.2259E+01
   7.332  0.2172E+01
   7.337  0.2088E+01
   7.341  0.2005E+01
   7.346  0.1925E+01
   7.351  0.1847E+01
   7.356  0.1771E+01
   7.360  0.1698E+01
   7.365  0.1626E+01
   7.370  0.1557E+01
   7.375  0.1489E+01
   7.379  0.1424E+01
   7.384  0.1361E+01
   7.389  0.1300E+01
   7.393  0.1241E+01
   7.398  0.1184E+01
   7.403  0.1129E+01
   7.408  0.1076E+01
   7.412  0.1025E+01
   7.417  0.9756E+00
   7.422  0.9282E+00
   7.427  0.8826E+00
   7.431  0.8387E+00
   7.436  0.7966E+00
   7.441  0.7562E+00
   7.446  0.7174E+00
   7.450  0.6802E+00
   7.455  0.6446E+00
   7.460  0.6105E+00
   7.465  0.5779E+00
   7.470  0.5467E+00
   7.474  0.5169E+00
   7.479  0.4885E+00
   7.484  0.4613E+00
   7.489  0.4354E+00
   7.493  0.4108E+00
   7.498  0.3873E+00
   7.503  0.3650E+00
   7.507  0.3437E+00
   7.512  0.3235E+00
   7.517  0.3043E+00
   7.522  0.2861E+00
   7.526  0.2689E+00
   7.531  0.2525E+00
   7.536  0.2370E+00
   7.541  0.2223E+00
   7.545  0.2084E+00
   7.550  0.1953E+00
   7.555  0.1829E+00
   7.560  0.1712E+00
   7.564  0.1601E+00
   7.569  0.1497E+00
   7.574  0.1399E+00
   7.579  0.1306E+00
   7.583  0.1219E+00
   7.588  0.1137E+00
   7.593  0.1060E+00
   7.598  0.9879E-01
   7.603  0.9199E-01
   7.607  0.8562E-01
   7.612  0.7964E-01
   7.617  0.7403E-01
   7.622  0.6879E-01
   7.626  0.6387E-01
   7.631  0.5928E-01
   7.636  0.5498E-01
   7.640  0.5097E-01
   7.645  0.4723E-01
   7.650  0.4373E-01
   7.655  0.4047E-01
   7.659  0.3743E-01
   7.664  0.3460E-01
   7.669  0.3197E-01
   7.674  0.2952E-01
   7.678  0.2724E-01
   7.683  0.2513E-01
   7.688  0.2316E-01
   7.693  0.2134E-01
   7.697  0.1965E-01
   7.702  0.1808E-01
   7.707  0.1663E-01
   7.712  0.1529E-01
   7.716  0.1404E-01
   7.721  0.1289E-01
   7.726  0.1183E-01
   7.731  0.1085E-01
   7.736  0.9947E-02
   7.740  0.9112E-02
   7.745  0.8343E-02
   7.750  0.7635E-02
   7.755  0.6982E-02
   7.759  0.6382E-02
   7.764  0.5830E-02
   7.769  0.5323E-02
   7.773  0.4857E-02
   7.778  0.4430E-02
   7.783  0.4038E-02
   7.788  0.3678E-02
   7.792  0.3349E-02
   7.797  0.3047E-02
   7.802  0.2771E-02
   7.807  0.2519E-02
   7.811  0.2288E-02
   7.816  0.2077E-02
   7.821  0.1885E-02
   7.826  0.1709E-02
   7.830  0.1549E-02
   7.835  0.1403E-02
   7.840  0.1270E-02
   7.845  0.1149E-02
   7.849  0.1039E-02
   7.854  0.9394E-03
   7.859  0.8485E-03
   7.864  0.7660E-03
   7.869  0.6912E-03
   7.873  0.6233E-03
   7.878  0.5617E-03
   7.883  0.5059E-03
   7.888  0.4555E-03
   7.892  0.4098E-03
   7.897  0.3685E-03
   7.902  0.3312E-03
   7.906  0.2975E-03
   7.911  0.2670E-03
   7.916  0.2396E-03
   7.921  0.2148E-03
   7.925  0.1925E-03
   7.930  0.1724E-03
   7.935  0.1543E-03
   7.940  0.1381E-03
   7.944  0.1235E-03
   7.949  0.1103E-03
   7.954  0.9855E-04
   7.959  0.8797E-04
   7.963  0.7848E-04
   7.968  0.6998E-04
   7.973  0.6236E-04
   7.978  0.5554E-04
   7.982  0.4944E-04
   7.987  0.4398E-04
   7.992  0.3910E-04
   7.997  0.3475E-04
   8.002  0.3086E-04
   8.006  0.2739E-04
   8.011  0.2430E-04
   8.016  0.2155E-04
   8.021  0.1909E-04
   8.025  0.1691E-04
   8.030  0.1497E-04
   8.035  0.1324E-04
   8.040  0.1171E-04
   8.044  0.1034E-04
   8.049  0.9134E-05
   8.054  0.8062E-05
   8.058  0.7112E-05
   8.063  0.6270E-05
   8.068  0.5525E-05
   8.073  0.4865E-05
   8.078  0.4282E-05
   8.082  0.3767E-05
   8.087  0.3312E-05
   8.092  0.2910E-05
   8.096  0.2555E-05
   8.101  0.2243E-05
   8.106  0.1968E-05
   8.111  0.1725E-05
   8.116  0.1512E-05
   8.120  0.1324E-05
   8.125  0.1159E-05
   8.130  0.1014E-05
   8.134  0.8866E-06
   8.139  0.7749E-06
   8.144  0.6771E-06
   8.149  0.5914E-06
   8.154  0.5163E-06
   8.158  0.4507E-06
   8.163  0.3934E-06
   8.168  0.3434E-06
   8.172  0.2999E-06
   8.177  0.2620E-06
   8.182  0.2291E-06
   8.187  0.2007E-06
   8.191  0.1761E-06
   8.196  0.1550E-06
   8.201  0.1370E-06
   8.206  0.1217E-06
   8.210  0.1089E-06
   8.215  0.9833E-07
   8.220  0.8978E-07
   8.225  0.8312E-07
   8.229  0.7820E-07
   8.234  0.7495E-07
   8.239  0.7329E-07
   8.244  0.7322E-07
   8.248  0.7471E-07
   8.253  0.7782E-07
   8.258  0.8259E-07
   8.263  0.8913E-07
   8.268  0.9757E-07
   8.272  0.1081E-06
   8.277  0.1208E-06
   8.282  0.1361E-06
   8.287  0.1541E-06
   8.291  0.1753E-06
   8.296  0.2001E-06
   8.301  0.2288E-06
   8.305  0.2621E-06
   8.310  0.3005E-06
   8.315  0.3448E-06
   8.320  0.3958E-06
   8.325  0.4543E-06
   8.329  0.5215E-06
   8.334  0.5984E-06
   8.339  0.6865E-06
   8.343  0.7874E-06
   8.348  0.9026E-06
   8.353  0.1034E-05
   8.358  0.1185E-05
   8.363  0.1356E-05
   8.367  0.1551E-05
   8.372  0.1774E-05
   8.377  0.2028E-05
   8.381  0.2316E-05
   8.386  0.2645E-05
   8.391  0.3018E-05
   8.396  0.3441E-05
   8.401  0.3922E-05
   8.405  0.4468E-05
   8.410  0.5087E-05
   8.415  0.5788E-05
   8.419  0.6582E-05
   8.424  0.7481E-05
   8.429  0.8498E-05
   8.434  0.9648E-05
   8.438  0.1095E-04
   8.443  0.1241E-04
   8.448  0.1407E-04
   8.453  0.1594E-04
   8.457  0.1804E-04
   8.462  0.2042E-04
   8.467  0.2309E-04
   8.472  0.2609E-04
   8.476  0.2947E-04
   8.481  0.3327E-04
   8.486  0.3754E-04
   8.491  0.4233E-04
   8.495  0.4771E-04
   8.500  0.5374E-04
   8.505  0.6049E-04
   8.510  0.6806E-04
   8.514  0.7653E-04
   8.519  0.8601E-04
   8.524  0.9661E-04
   8.529  0.1084E-03
   8.534  0.1217E-03
   8.538  0.1364E-03
   8.543  0.1529E-03
   8.548  0.1712E-03
   8.553  0.1917E-03
   8.557  0.2145E-03
   8.562  0.2398E-03
   8.567  0.2680E-03
   8.572  0.2993E-03
   8.576  0.3341E-03
   8.581  0.3727E-03
   8.586  0.4156E-03
   8.590  0.4631E-03
   8.595  0.5158E-03
   8.600  0.5741E-03
   8.605  0.6387E-03
   8.610  0.7101E-03
   8.614  0.7891E-03
   8.619  0.8764E-03
   8.624  0.9728E-03
   8.628  0.1079E-02
   8.633  0.1197E-02
   8.638  0.1326E-02
   8.643  0.1468E-02
   8.648  0.1625E-02
   8.652  0.1798E-02
   8.657  0.1988E-02
   8.662  0.2196E-02
   8.666  0.2426E-02
   8.671  0.2677E-02
   8.676  0.2953E-02
   8.681  0.3256E-02
   8.686  0.3588E-02
   8.690  0.3951E-02
   8.695  0.4348E-02
   8.700  0.4783E-02
   8.704  0.5258E-02
   8.709  0.5778E-02
   8.714  0.6345E-02
   8.719  0.6964E-02
   8.723  0.7638E-02
   8.728  0.8374E-02
   8.733  0.9175E-02
   8.738  0.1005E-01
   8.742  0.1100E-01
   8.747  0.1203E-01
   8.752  0.1315E-01
   8.757  0.1437E-01
   8.761  0.1569E-01
   8.766  0.1712E-01
   8.771  0.1867E-01
   8.776  0.2036E-01
   8.780  0.2218E-01
   8.785  0.2415E-01
   8.790  0.2628E-01
   8.795  0.2858E-01
   8.800  0.3107E-01
   8.804  0.3376E-01
   8.809  0.3666E-01
   8.814  0.3978E-01
   8.819  0.4315E-01
   8.823  0.4677E-01
   8.828  0.5067E-01
   8.833  0.5486E-01
   8.837  0.5937E-01
   8.842  0.6421E-01
   8.847  0.6941E-01
   8.852  0.7498E-01
   8.857  0.8096E-01
   8.861  0.8736E-01
   8.866  0.9422E-01
   8.871  0.1016E+00
   8.875  0.1094E+00
   8.880  0.1178E+00
   8.885  0.1268E+00
   8.890  0.1363E+00
   8.895  0.1465E+00
   8.899  0.1574E+00
   8.904  0.1690E+00
   8.909  0.1813E+00
   8.913  0.1945E+00
   8.918  0.2084E+00
   8.923  0.2233E+00
   8.928  0.2391E+00
   8.933  0.2558E+00
   8.937  0.2736E+00
   8.942  0.2924E+00
   8.947  0.3123E+00
   8.951  0.3334E+00
   8.956  0.3558E+00
   8.961  0.3794E+00
   8.966  0.4044E+00
   8.970  0.4307E+00
   8.975  0.4585E+00
   8.980  0.4879E+00
   8.985  0.5188E+00
   8.989  0.5514E+00
   8.994  0.5857E+00
   8.999  0.6218E+00
   9.004  0.6597E+00
   9.008  0.6996E+00
   9.013  0.7414E+00
   9.018  0.7853E+00
   9.023  0.8313E+00
   9.027  0.8795E+00
   9.032  0.9300E+00
   9.037  0.9829E+00
   9.042  0.1038E+01
   9.046  0.1096E+01
   9.051  0.1156E+01
   9.056  0.1219E+01
   9.061  0.1285E+01
   9.066  0.1353E+01
   9.070  0.1424E+01
   9.075  0.1499E+01
   9.080  0.1576E+01
   9.085  0.1656E+01
   9.089  0.1739E+01
   9.094  0.1826E+01
   9.099  0.1915E+01
   9.104  0.2008E+01
   9.108  0.2104E+01
   9.113  0.2204E+01
   9.118  0.2307E+01
   9.123  0.2413E+01
   9.127  0.2523E+01
   9.132  0.2637E+01
   9.137  0.2754E+01
   9.142  0.2874E+01
   9.146  0.2998E+01
   9.151  0.3126E+01
   9.156  0.3258E+01
   9.160  0.3393E+01
   9.165  0.3531E+01
   9.170  0.3673E+01
   9.175  0.3819E+01
   9.179  0.3968E+01
   9.184  0.4121E+01
   9.189  0.4277E+01
   9.194  0.4437E+01
   9.198  0.4600E+01
   9.203  0.4766E+01
   9.208  0.4936E+01
   9.213  0.5109E+01
   9.217  0.5284E+01
   9.222  0.5463E+01
   9.227  0.5645E+01
   9.232  0.5829E+01
   9.236  0.6016E+01
   9.241  0.6206E+01
   9.246  0.6397E+01
   9.251  0.6591E+01
   9.255  0.6788E+01
   9.260  0.6986E+01
   9.265  0.7185E+01
   9.270  0.7387E+01
   9.274  0.7589E+01
   9.279  0.7793E+01
   9.284  0.7998E+01
   9.289  0.8203E+01
   9.293  0.8409E+01
   9.298  0.8615E+01
   9.303  0.8822E+01
   9.308  0.9028E+01
   9.312  0.9234E+01
   9.317  0.9439E+01
   9.322  0.9644E+01
   9.327  0.9847E+01
   9.332  0.1005E+02
   9.336  0.1025E+02
   9.341  0.1045E+02
   9.346  0.1064E+02
   9.351  0.1084E+02
   9.355  0.1103E+02
   9.360  0.1122E+02
   9.365  0.1140E+02
   9.370  0.1158E+02
   9.374  0.1176E+02
   9.379  0.1193E+02
   9.384  0.1210E+02
   9.389  0.1227E+02
   9.393  0.1243E+02
   9.398  0.1258E+02
   9.403  0.1273E+02
   9.408  0.1288E+02
   9.412  0.1301E+02
   9.417  0.1315E+02
   9.422  0.1327E+02
   9.426  0.1339E+02
   9.431  0.1351E+02
   9.436  0.1361E+02
   9.441  0.1371E+02
   9.445  0.1381E+02
   9.450  0.1389E+02
   9.455  0.1397E+02
   9.460  0.1404E+02
   9.464  0.1411E+02
   9.469  0.1416E+02
   9.474  0.1421E+02
   9.479  0.1425E+02
   9.483  0.1428E+02
   9.488  0.1431E+02
   9.493  0.1432E+02
   9.498  0.1433E+02
   9.502  0.1433E+02
   9.507  0.1432E+02
   9.512  0.1430E+02
   9.517  0.1428E+02
   9.521  0.1425E+02
   9.526  0.1421E+02
   9.531  0.1416E+02
   9.536  0.1410E+02
   9.540  0.1404E+02
   9.545  0.1397E+02
   9.550  0.1389E+02
   9.555  0.1380E+02
   9.559  0.1371E+02
   9.564  0.1361E+02
   9.569  0.1350E+02
   9.574  0.1339E+02
   9.579  0.1327E+02
   9.583  0.1314E+02
   9.588  0.1301E+02
   9.593  0.1287E+02
   9.598  0.1272E+02
   9.602  0.1257E+02
   9.607  0.1242E+02
   9.612  0.1226E+02
   9.617  0.1209E+02
   9.621  0.1192E+02
   9.626  0.1175E+02
   9.631  0.1157E+02
   9.636  0.1139E+02
   9.640  0.1121E+02
   9.645  0.1102E+02
   9.650  0.1083E+02
   9.655  0.1063E+02
   9.659  0.1044E+02
   9.664  0.1024E+02
   9.669  0.1004E+02
   9.674  0.9836E+01
   9.678  0.9633E+01
   9.683  0.9428E+01
   9.688  0.9223E+01
   9.692  0.9017E+01
   9.697  0.8811E+01
   9.702  0.8605E+01
   9.707  0.8398E+01
   9.711  0.8192E+01
   9.716  0.7987E+01
   9.721  0.7782E+01
   9.726  0.7578E+01
   9.730  0.7376E+01
   9.735  0.7175E+01
   9.740  0.6975E+01
   9.745  0.6777E+01
   9.749  0.6581E+01
   9.754  0.6387E+01
   9.759  0.6196E+01
   9.764  0.6006E+01
   9.768  0.5819E+01
   9.773  0.5635E+01
   9.778  0.5454E+01
   9.783  0.5275E+01
   9.787  0.5099E+01
   9.792  0.4927E+01
   9.797  0.4758E+01
   9.802  0.4591E+01
   9.806  0.4429E+01
   9.811  0.4269E+01
   9.816  0.4113E+01
   9.821  0.3960E+01
   9.825  0.3811E+01
   9.830  0.3666E+01
   9.835  0.3524E+01
   9.840  0.3385E+01
   9.845  0.3251E+01
   9.849  0.3119E+01
   9.854  0.2992E+01
   9.859  0.2868E+01
   9.864  0.2747E+01
   9.868  0.2631E+01
   9.873  0.2517E+01
   9.878  0.2408E+01
   9.883  0.2301E+01
   9.887  0.2199E+01
   9.892  0.2099E+01
   9.897  0.2003E+01
   9.902  0.1910E+01
   9.906  0.1821E+01
   9.911  0.1735E+01
   9.916  0.1652E+01
   9.921  0.1572E+01
   9.925  0.1495E+01
   9.930  0.1421E+01
   9.935  0.1350E+01
   9.939  0.1281E+01
   9.944  0.1216E+01
   9.949  0.1153E+01
   9.954  0.1093E+01
   9.958  0.1035E+01
   9.963  0.9800E+00
   9.968  0.9273E+00
   9.973  0.8769E+00
   9.977  0.8288E+00
   9.982  0.7829E+00
   9.987  0.7391E+00
   9.992  0.6974E+00
   9.996  0.6577E+00
  10.001  0.6198E+00
  10.006  0.5839E+00
  10.011  0.5496E+00
  10.015  0.5172E+00
  10.020  0.4863E+00
  10.025  0.4570E+00
  10.030  0.4293E+00
  10.034  0.4030E+00
  10.039  0.3781E+00
  10.044  0.3546E+00
  10.049  0.3323E+00
  10.053  0.3112E+00
  10.058  0.2914E+00
  10.063  0.2726E+00
  10.068  0.2549E+00
  10.072  0.2382E+00
  10.077  0.2225E+00
  10.082  0.2077E+00
  10.087  0.1938E+00
  10.091  0.1807E+00
  10.096  0.1684E+00
  10.101  0.1568E+00
  10.106  0.1460E+00
  10.111  0.1358E+00
  10.115  0.1263E+00
  10.120  0.1173E+00
  10.125  0.1090E+00
  10.130  0.1012E+00
  10.134  0.9385E-01
  10.139  0.8702E-01
  10.144  0.8063E-01
  10.149  0.7468E-01
  10.153  0.6912E-01
  10.158  0.6395E-01
  10.163  0.5912E-01
  10.168  0.5463E-01
  10.172  0.5046E-01
  10.177  0.4657E-01
  10.182  0.4296E-01
  10.187  0.3961E-01
  10.191  0.3650E-01
  10.196  0.3361E-01
  10.201  0.3094E-01
  10.205  0.2846E-01
  10.210  0.2616E-01
  10.215  0.2404E-01
  10.220  0.2208E-01
  10.224  0.2026E-01
  10.229  0.1859E-01
  10.234  0.1704E-01
  10.239  0.1561E-01
  10.243  0.1430E-01
  10.248  0.1309E-01
  10.253  0.1197E-01
  10.258  0.1094E-01
  10.262  0.9999E-02
  10.267  0.9131E-02
  10.272  0.8334E-02
  10.277  0.7601E-02
  10.281  0.6930E-02
  10.286  0.6314E-02
  10.291  0.5749E-02
  10.296  0.5232E-02
  10.300  0.4759E-02
  10.305  0.4326E-02
  10.310  0.3931E-02
  10.315  0.3569E-02
  10.319  0.3239E-02
  10.324  0.2938E-02
  10.329  0.2663E-02
  10.334  0.2413E-02
  10.338  0.2185E-02
  10.343  0.1977E-02
  10.348  0.1788E-02
  10.353  0.1617E-02
  10.357  0.1460E-02
  10.362  0.1319E-02
  10.367  0.1190E-02
  10.372  0.1073E-02
  10.377  0.9675E-03
  10.381  0.8716E-03
  10.386  0.7848E-03
  10.391  0.7062E-03
  10.396  0.6351E-03
  10.400  0.5709E-03
  10.405  0.5129E-03
  10.410  0.4605E-03
  10.415  0.4132E-03
  10.419  0.3706E-03
  10.424  0.3322E-03
  10.429  0.2976E-03
  10.434  0.2664E-03
  10.438  0.2384E-03
  10.443  0.2132E-03
  10.448  0.1906E-03
  10.453  0.1702E-03
  10.457  0.1520E-03
  10.462  0.1356E-03
  10.467  0.1209E-03
  10.471  0.1078E-03
  10.476  0.9602E-04
  10.481  0.8549E-04
  10.486  0.7606E-04
  10.490  0.6764E-04
  10.495  0.6012E-04
  10.500  0.5340E-04
